00100000000010000000000000000001
00100001000010000000000000000010
00100001000010000000000000000011
00100001000010000000000000000100
00100001000010000000000000000101
00100001000010000000000000000110
00100001000010000000000000000111
00100001000010000000000000001000
00100001000010000000000000001001
00100001000010000000000000001010
00000000000010000100000000100000
001000 00000 11100 0000000000000000
101011 11100 01000 0000000000001010
100011 11100010010000000000001010
00001100000000000000000000000010